1400001101001110100 ’ 485

101011110 136, 4. surdi dei 113, 25. setigero
volitare 00100110 113, 31. 10110 deos 76, 22.
volucris 1010 (apud inferos) vox 30, 10. 35, 27. 101, 21.
115, 0. animal voluero 253, 103, 0. 113, 13. 132, 20. 133,
8 0126113. 10100100 mutae 27. 293, 3. 302, 13. 316, 24.
254,12. 324, 9. 0001100716. 10010
voluntario 0010 67,13. invidie 01010. incredibilia
10100100 37,25. 272,3. 0011011 0010100110000311801. 347,
122,3. voluntatis fides 121,20. 16. 10110100 11011001 17316.
voluptas 172, 23. 267, 6. 288, vulgare 133, 27. 243, 17.
21. 1010100 virtutium 261, vulgaris labes frumenti 220,
25. 1010010100 videndi 126, 30. 10000 14, 20. vulgares
12.120,20. 11100 75,3. perdit semones 321,17.
01011000 de sceleribus vo· vulgus 0010111 250, 21. vulgi
10010100 0010001101 143, 2. opiniones 168, 2.
0010 1010010110 10010110 326, 1010010100 1001010011 232, 4,
9. 0111. pl. - 100 90,19,98,1. vulnus 36, 3. 143, 4. 160, 21.
volutare 62, 20. 131, 23. 101, 22. 1021. 111, 11. 101,
1001100 0011 227, 10. 22. 280, 8. 300, 7. 345, 11.
vorax Charybdis 233, 13. 00011001 bellu vulneribus
votum 5124. 111, 13. 100, 2. 102, 26.
10011, 1010. 101, 11. 232, vultus 22, 24. 1011. 111, 4.
25. 1010 00010100 9, 27. 204, 5. 317, 7. 328,25. 1101-
1010 0011010 010 1011110177, dus 00001 8, 14. 0011101100
4. 101010οο110 3,5. 10110 3,16. 10101100 000010 80,8.

Π. AD TRIBVNVM MARIANVM ET AD EXGERPTA.

1. 10 Tribunum Marianum.

Abominubilis 61,13. arrogare 64, 23.
00101616. 02, 14. audientia 00,14. 66,16.
00 0010 vixit 01 habitu 01 00000 59, 24.

02, 21.
0111001010111111110011011010- Bellator ὅθ’ 27'
ψ uicibus) 63, 6. 001101016113.
0111110010 63,18. 0001110100 60,16,
advolvere 59, 22. 00101001 linguam de 001010
00101000 silentium 65,18. 000101100οε 011.. . 61, 28.
affectatus 62, 27. 01010 65,17.
01100100 59, 2. 01011100 58,12. 64,27. 65, 3.
0110110 67, 8. claritudo 64, 24.
amasius 0110. claudere 65,1.
animadversio 61, 3. 64, 3. cohibere 65,19.
¹argumentum 63,16. 0000111110 82, 7.

 

