Ι482

’1041010 39,16. 119,11.
vadimonium 213, 18.
vagus cursus 80, 6. fervor

280,16. vaga ’0111010 202,12.
361,14. 010 164,12. imago
196, 4. 001000 82, 17. animal
liberum etvoluoreetvagumet
extra imperia positum 263, 9.
10101000 122, 27. 160, 12.
160,18. 161, 24. 165,19. 264,
. 0. pl. 163, 0.
valide comp. 179, 21.
1011010 33, 21. 346, 23.
10110111 divitiarum 248, 21.
vanitas 76, 23. 147, 9. 149, 1.
111,11. 111, 11. 11011. 100,
6. 101, 11, 101, 13. ,
vanus 148,20.138,10. 138,27.
1011010 78, 26. 126, 16. 149,
1. 101, 10. 001, 10.
varietas 181,17.
1001110044,24.103,16.16711.
ve 33, 20. 100, 11.
vecturam 100010 236, 8.
1000000110100011101063,Ῑο
vel 9812. 26610. 283, 6. vel
-aut 249,13.
velamentum 1101101010 227,
10. 111, 12. 11011.
1011οε 10111 nolis 106, 20. 10-
., lit nolit 30, 23. 100, 1. 336,
·’ 10. 1111011 10110 11,9. videri
velint 11, 27.
10101 101000 346,11.
velut 106,1. 160, 6. 11411.
310, 24. 316, 23. 10101-
10101 322,12.
vena 161,11. 102, 7.
venalis 126,27.128,14.178,6.
venatio 253, 24.
venatus 44,13.
veneficium 266, 4. 270, 4.
110, 16. 260, 6. 100, 0. 110,
13. 281, 23. vitae 196, 3.
10000011 agere 268, 21. 270,
18. veneficium 1010 1110

INDICES.

01010111010268,24 dare quod
000 11001, 11011 001 aliud quam
1000601010 271, 4.
veneficus 3124. 20620. 200,
12. 281, 18. 281, 26. 282, 3.
venenum 20, 6. 20,10. 24,18.
32, 1. 202, 16. 246, 7. 262, 20.
110, 10. 110, 0. 111, 22. 301,
2. 304,19. carminis 201, 24.
10000001103000060100111010,
00100101001 26211. 00110111
notae 10 cadaveribus 280, 9.
1000100100 26, 18. 80, 293,
27. 108,17. 283, 23.
10001011 corpus insepultum
aggestu 94,10.
venire 34, 14. 328, 17. (10
110, 0. 111, 11. poenae 206,
26. venitur ad iudicem 312,
24. 10111010 0000010 220, 4.
venter feralis 227, 12.
ventorum lassitudo 11011110-
tur 81,6. 0000100100 habuit
234, 2.
venus 261, 23. concessa 62,
20. obscena 46,24. 01011101.
verber 36,12. 66, 4. 66, 14.
96, 18. 139, 20. 287,17. 323,
11. 1101. 111, 1. 1100. 110,
18. 342, 26. 01010. 350,16.
verbum 121,26. 122, 20. 140,
26. 160, 23. 190, 28. 131,14.
10110. 206, 20. 220, 20. 228,
11. 239, 26. 262, 19. 3161.
11011, 11011. verba ab·
rupta 107, 11. media 000-
pensa 3346. verborum 1111010
194,22. deprehensorummulta
verba 32, 1 cf. 30610.
vere 53, 8. 26018. 0311.
verecundia 103, 24. 166, 8.
262, 3. 300, 23. 308, 5.
verecundus48,8.169,1.343,6.
veritas 68, 4. 136,16. 139, 6.
209,1. 273,12. 0011001116.
prima rerum naturae 1649.

 

